;Exported by:	 letin
;Date:			 Fri Nov 27 14:32:58 2009
;File:			 D:\Projects\Letin_MAJESTY 2\MP3\entity\units\hero\hero_ratman\animations\Hero_ratman_idle.max
{skeleton
	{bone "root_transformed"
		{orientation
			1 	 0 	 0
			0 	 -1 	 0
			0 	 0 	 1
		}
		{bone "base_for_children"
			{orientation
				-0 	 1 	 0
				-1 	 -0 	 0
				0 	 0 	 1
			}
			{bone "ratman_mesh"
				{Position 0 	 0 	 0.6382}
				{view poly "ratman_mesh"}
				{bone "head_fx_point"
					{Position -0 	 0 	 2.3618}
				}
			}
			{bone "ratmanpelvis"
				{matrix34
					0 	 -0.152 	 0.9884
					0 	 -0.9884 	 -0.152
					1 	 0 	 0
					-0 	 0.049 	 0.7915
				}
				{bone "ratmanspine1"
					{matrix34
						0.9289 	 -0.3705 	 0
						0.3705 	 0.9289 	 0
						-0 	 -0 	 1
						0.0511 	 -0.0322 	 0
					}
					{bone "ratmanspine2"
						{matrix34
							0.9937 	 -0.1117 	 0
							0.1117 	 0.9937 	 -0
							-0 	 0 	 1
							0.2274 	 0 	 0
						}
						{bone "ratmanspine3"
							{matrix34
								0.886 	 0.4637 	 -0
								-0.4637 	 0.886 	 0
								0 	 -0 	 1
								0.2037 	 0 	 -0
							}
							{bone "ratmanribcage"
								{matrix34
									0.9779 	 0.2089 	 -0
									-0.2089 	 0.9779 	 0
									-0 	 -0 	 1
									0.2329 	 0 	 -0
								}
								{bone "ratmanneck"
									{matrix34
										0.7912 	 0.6116 	 0
										-0.6116 	 0.7912 	 0
										-0 	 0 	 1
										0.0684 	 0.184 	 -0
									}
									{bone "ratmanhead"
										{matrix34
											0.803 	 -0.596 	 -0
											0.596 	 0.803 	 -0
											0 	 0 	 1
											0.1072 	 0 	 0
										}
										{bone "ratmanheadjaw"
											{matrix34
												-0.2077 	 0.9782 	 -0
												-0.9782 	 -0.2077 	 0
												-0 	 0 	 1
												-0.0817 	 0.116 	 -0
											}
										}
										{bone "p_hat"
											{matrix34
												1 	 0 	 -0
												-0 	 1 	 -0
												0 	 0 	 1
												0.1449 	 0.15 	 -0
											}
										}
									}
								}
								{bone "ratmanlcollarbone"
									{matrix34
										0.0931 	 -0.704 	 0.704
										-0.028 	 0.705 	 0.7087
										-0.9953 	 -0.0857 	 0.0459
										-0.0801 	 0.37 	 0.0346
									}
									{bone "ratmanlupperarm"
										{matrix34
											0.2747 	 0.59 	 0.7592
											-0.5895 	 0.7272 	 -0.3518
											-0.7597 	 -0.3509 	 0.5475
											0.4461 	 -0 	 0
										}
										{bone "ratmanlforearm"
											{matrix34
												0.9639 	 0.1835 	 -0.1931
												-0.1803 	 0.983 	 0.0341
												0.1961 	 0.0019 	 0.9806
												0.3404 	 -0 	 0
											}
											{bone "ratmanlpalm"
												{matrix34
													0.9849 	 -0.0939 	 0.1452
													-0.0942 	 -0.9955 	 -0.0046
													0.145 	 -0.0092 	 -0.9894
													0.2938 	 -0 	 0
												}
												{bone "p_weapon_ext"
													{matrix34
														1 	 -0 	 -0
														-0 	 1 	 0
														-0 	 -0 	 1
														0.1573 	 -0.0563 	 0.0046
													}
												}
											}
										}
										{bone "ratmanshitok_l"
											{Position 0.0591 	 -0 	 -0.093}
											{bone "p_shoulder_l"
												{matrix34
													1 	 0 	 0
													0 	 -1 	 0
													-0 	 -0 	 -1
													0 	 0 	 0
												}
											}
										}
									}
								}
								{bone "ratmanrcollarbone"
									{matrix34
										0.0931 	 -0.704 	 -0.704
										-0.028 	 0.705 	 -0.7087
										0.9953 	 0.0857 	 0.0459
										-0.0801 	 0.37 	 -0.0346
									}
									{bone "ratmanrupperarm"
										{matrix34
											0.2747 	 0.59 	 -0.7592
											-0.5895 	 0.7272 	 0.3518
											0.7597 	 0.3509 	 0.5475
											0.4461 	 0 	 0
										}
										{bone "ratmanrforearm"
											{matrix34
												0.9639 	 0.1835 	 0.1931
												-0.1803 	 0.983 	 -0.0341
												-0.1961 	 -0.0019 	 0.9806
												0.3404 	 -0 	 0
											}
											{bone "ratmanrpalm"
												{matrix34
													0.9849 	 -0.0939 	 -0.1452
													-0.0942 	 -0.9955 	 0.0046
													-0.145 	 0.0092 	 -0.9894
													0.2938 	 0 	 0
												}
												{bone "p_weapon"
													{matrix34
														1 	 0 	 -0
														-0 	 -1 	 0
														-0 	 -0 	 -1
														0.1499 	 -0.0559 	 -0.009
													}
												}
											}
										}
										{bone "ratmanshitok_r"
											{Position 0.0591 	 -0 	 0.093}
											{bone "p_shoulder_r"
												{Position -0 	 -0 	 0}
											}
										}
									}
								}
								{bone "chest_fx_point"
									{matrix34
										-0 	 0 	 1
										-0.3465 	 -0.9381 	 0
										0.9381 	 -0.3465 	 -0
										0 	 0 	 1.2
									}
								}
								{bone "p_bag"
									{matrix34
										-0 	 0 	 1
										-0.3465 	 -0.9381 	 -0
										0.9381 	 -0.3465 	 -0
										-0.1339 	 -0.1326 	 0
									}
								}
							}
						}
					}
				}
				{bone "ratmanlthigh"
					{matrix34
						-0.7763 	 0.5671 	 0.2751
						0.5739 	 0.8164 	 -0.0635
						-0.2606 	 0.1086 	 -0.9593
						-0.0518 	 0.0954 	 0.2106
					}
					{bone "ratmanlcalf"
						{matrix34
							-0.0487 	 -0.9867 	 0.1554
							0.9983 	 -0.053 	 -0.0235
							0.0314 	 0.154 	 0.9876
							0.3181 	 0 	 0
						}
						{bone "ratmanlankle"
							{matrix34
								0.1402 	 0.9901 	 0.0113
								-0.9818 	 0.1375 	 0.1312
								0.1283 	 -0.0295 	 0.9913
								0.3061 	 0 	 0
							}
							{bone "ratmanltoe"
								{matrix34
									0.3977 	 0.9173 	 -0.0217
									-0.8884 	 0.3791 	 -0.2589
									-0.2292 	 0.1223 	 0.9657
									0.2874 	 -0.0271 	 0.0039
								}
								{bone "ratmanllegfinger03seg1"
									{matrix34
										0.9497 	 0.3102 	 0.0434
										-0.3115 	 0.9498 	 0.0283
										-0.0324 	 -0.0404 	 0.9987
										0.0712 	 0.0056 	 -0.011
									}
								}
							}
						}
					}
				}
				{bone "ratmanrthigh"
					{matrix34
						-0.7764 	 0.5671 	 -0.275
						0.574 	 0.8164 	 0.0633
						0.2604 	 -0.1087 	 -0.9594
						-0.0518 	 0.0954 	 -0.2106
					}
					{bone "ratmanrcalf"
						{matrix34
							-0.0486 	 -0.9867 	 -0.1551
							0.9983 	 -0.0529 	 0.0238
							-0.0317 	 -0.1537 	 0.9876
							0.3181 	 0 	 0
						}
						{bone "ratmanrankle"
							{matrix34
								0.1403 	 0.99 	 -0.0114
								-0.9818 	 0.1376 	 -0.1311
								-0.1282 	 0.0296 	 0.9913
								0.3061 	 0 	 0
							}
							{bone "ratmanrtoe"
								{matrix34
									0.3977 	 0.9173 	 0.0217
									-0.8884 	 0.3791 	 0.2589
									0.2292 	 -0.1223 	 0.9657
									0.2874 	 -0.0271 	 -0.0039
								}
								{bone "ratmanrlegfinger03seg1"
									{matrix34
										0.9497 	 0.3102 	 -0.0434
										-0.3115 	 0.9498 	 -0.0283
										0.0324 	 0.0404 	 0.9987
										0.0712 	 0.0056 	 0.011
									}
								}
							}
						}
					}
				}
				{bone "ratmantail1"
					{matrix34
						-0.8724 	 -0.4888 	 -0
						0.4888 	 -0.8724 	 0
						-0 	 0 	 1
						-0.0629 	 -0.1526 	 0
					}
					{bone "ratmantail2"
						{matrix34
							0.997 	 0.0771 	 0
							-0.0771 	 0.997 	 -0
							0 	 -0 	 1
							0.1489 	 0 	 0
						}
						{bone "ratmantail3"
							{matrix34
								0.9892 	 0.1466 	 0
								-0.1466 	 0.9892 	 -0
								0 	 -0 	 1
								0.1725 	 0 	 0
							}
							{bone "ratmantail4"
								{matrix34
									0.9943 	 0.1064 	 -0
									-0.1064 	 0.9943 	 0
									0 	 -0 	 1
									0.1779 	 0 	 0
								}
								{bone "ratmantail5"
									{matrix34
										1 	 0.0075 	 -0
										-0.0075 	 1 	 -0
										0 	 -0 	 1
										0.1734 	 0 	 0
									}
									{bone "ratmantail6"
										{matrix34
											0.997 	 0.0774 	 -0
											-0.0774 	 0.997 	 -0
											0 	 0 	 1
											0.1812 	 -0 	 0
										}
										{bone "ratmantail7"
											{matrix34
												0.9956 	 0.0936 	 -0
												-0.0936 	 0.9956 	 -0
												0 	 -0 	 1
												0.1881 	 -0 	 -0
											}
											{bone "ratmantail8"
												{matrix34
													0.9987 	 0.0515 	 -0
													-0.0515 	 0.9987 	 -0
													0 	 -0 	 1
													0.1793 	 0 	 -0
												}
												{bone "ratmantail9"
													{matrix34
														0.9983 	 0.0578 	 -0
														-0.0578 	 0.9983 	 -0
														-0 	 -0 	 1
														0.1815 	 0 	 -0
													}
													{bone "ratmantail10"
														{matrix34
															0.9987 	 0.0502 	 -0
															-0.0502 	 0.9987 	 0
															0 	 -0 	 1
															0.1816 	 0 	 -0
														}
													}
												}
											}
										}
									}
								}
							}
						}
					}
				}
				{bone "ratmanubka2"
					{matrix34
						-0.9998 	 0.0176 	 -0
						-0.0176 	 -0.9998 	 0
						-0 	 0 	 1
						0.0567 	 -0.1909 	 0
					}
				}
				{bone "ratmanubka1"
					{matrix34
						-0.985 	 0.1724 	 -0
						-0.1724 	 -0.985 	 -0
						-0 	 0 	 1
						0.0854 	 0.3094 	 0
					}
				}
			}
			{bone "ratman_mesh_nati_"
				{Position 0 	 0 	 0.6382}
				{view poly "ratman_mesh_nati_"}
			}
		}
	}
}
{"volumes"
	{"selection_box1"
		{box 1.203 1.203 2.04702}
		{bone "ratmanribcage"}
		{matrix34
			-0 	 0 	 1
			-0.3465 	 -0.9381 	 0
			0.9381 	 -0.3465 	 -0
			-0.3837 	 0.3109 	 0
		}
	}
}
