;Exported by:	 letin
;Date:			 Wed Nov 04 14:26:55 2009
;File:			 D:\Projects\Letin_MAJESTY 2\MP3\entity\units\monsters\insect_spider\animations\spider_idle.max
{skeleton
	{bone "root_transformed"
		{orientation
			1 	 0 	 0
			0 	 -1 	 0
			0 	 0 	 1
		}
		{bone "base_for_children"
			{orientation
				-0 	 1 	 0
				-1 	 -0 	 0
				0 	 0 	 1
			}
			{bone "spider"
				{view poly "spider"}
				{bone "head_fx_point"
					{matrix34
						1 	 0 	 0
						-0 	 1 	 0
						0 	 0 	 1
						-0 	 -0.1324 	 2.7541
					}
				}
			}
			{bone "spider01hub"
				{matrix34
					0 	 0 	 1
					-0 	 -1 	 0
					1 	 -0 	 0
					-0 	 -0.3878 	 0.7629
				}
				{bone "spider01"
					{matrix34
						-0.1423 	 -0.9898 	 -0
						0.9898 	 -0.1423 	 0
						-0 	 0 	 1
						0.2031 	 -0.4811 	 0
					}
				}
				{bone "spider01lleg11"
					{matrix34
						0.8881 	 0.1943 	 0.4166
						0.4596 	 -0.3585 	 -0.8125
						-0.0086 	 0.9131 	 -0.4077
						-0.4718 	 0.4721 	 0.4254
					}
					{bone "spider01lleg12"
						{matrix34
							0.2111 	 -0.9682 	 0.1341
							0.9724 	 0.222 	 0.0723
							-0.0997 	 0.1152 	 0.9883
							0.6982 	 -0 	 0
						}
						{bone "spider01lleg13"
							{matrix34
								0.8681 	 -0.4961 	 0.0158
								0.4939 	 0.8665 	 0.0723
								-0.0496 	 -0.0549 	 0.9973
								0.9696 	 0 	 0
							}
						}
					}
				}
				{bone "spider01rleg11"
					{matrix34
						0.8881 	 0.1943 	 -0.4166
						0.4596 	 -0.3585 	 0.8125
						0.0086 	 -0.9131 	 -0.4077
						-0.4718 	 0.4721 	 -0.4254
					}
					{bone "spider01rleg12"
						{matrix34
							0.2111 	 -0.9682 	 -0.1341
							0.9724 	 0.222 	 -0.0723
							0.0997 	 -0.1152 	 0.9883
							0.6982 	 -0 	 -0
						}
						{bone "spider01rleg13"
							{matrix34
								0.8681 	 -0.4961 	 -0.0158
								0.4939 	 0.8665 	 -0.0723
								0.0496 	 0.0549 	 0.9973
								0.9696 	 -0 	 -0
							}
						}
					}
				}
				{bone "spider01lleg21"
					{matrix34
						0.9287 	 0.0682 	 0.3644
						0.3706 	 -0.1447 	 -0.9174
						-0.0098 	 0.9871 	 -0.1597
						-0.4996 	 0.2203 	 0.506
					}
					{bone "spider01lleg22"
						{matrix34
							0.1412 	 -0.9887 	 -0.0504
							0.99 	 0.1408 	 0.0101
							-0.0029 	 -0.0514 	 0.9987
							0.8748 	 -0 	 -0
						}
						{bone "spider01lleg23"
							{matrix34
								0.877 	 -0.4804 	 -0.0084
								0.4804 	 0.8771 	 -0.0033
								0.009 	 -0.0012 	 1
								1.0639 	 0 	 -0
							}
						}
					}
				}
				{bone "spider01rleg21"
					{matrix34
						0.9287 	 0.0682 	 -0.3644
						0.3706 	 -0.1447 	 0.9174
						0.0098 	 -0.9871 	 -0.1597
						-0.4996 	 0.2203 	 -0.506
					}
					{bone "spider01rleg22"
						{matrix34
							0.1412 	 -0.9887 	 0.0504
							0.99 	 0.1408 	 -0.0101
							0.0029 	 0.0514 	 0.9987
							0.8748 	 0 	 -0
						}
						{bone "spider01rleg23"
							{matrix34
								0.877 	 -0.4804 	 0.0084
								0.4804 	 0.8771 	 0.0033
								-0.009 	 0.0012 	 1
								1.0639 	 0 	 -0
							}
						}
					}
				}
				{bone "spider01lleg31"
					{matrix34
						0.9653 	 -0.0179 	 0.2606
						0.2593 	 0.187 	 -0.9475
						-0.0318 	 0.9822 	 0.1852
						-0.5091 	 -0.0238 	 0.5582
					}
					{bone "spider01lleg32"
						{matrix34
							0.0263 	 -0.9862 	 -0.1635
							0.9988 	 0.0328 	 -0.0372
							0.042 	 -0.1623 	 0.9858
							0.9545 	 -0 	 0
						}
						{bone "spider01lleg33"
							{matrix34
								0.8164 	 -0.569 	 -0.099
								0.5531 	 0.8196 	 -0.1493
								0.1661 	 0.0671 	 0.9838
								1.1367 	 -0 	 0
							}
						}
					}
				}
				{bone "spider01rleg31"
					{matrix34
						0.9653 	 -0.0179 	 -0.2606
						0.2593 	 0.187 	 0.9475
						0.0318 	 -0.9822 	 0.1852
						-0.5091 	 -0.0238 	 -0.5582
					}
					{bone "spider01rleg32"
						{matrix34
							0.0263 	 -0.9862 	 0.1635
							0.9988 	 0.0328 	 0.0372
							-0.042 	 0.1623 	 0.9858
							0.9545 	 0 	 -0
						}
						{bone "spider01rleg33"
							{matrix34
								0.8164 	 -0.569 	 0.0991
								0.5531 	 0.8196 	 0.1495
								-0.1663 	 -0.0673 	 0.9838
								1.1367 	 0 	 0
							}
						}
					}
				}
				{bone "spider01lleg41"
					{matrix34
						0.9604 	 -0.1877 	 0.2061
						0.2745 	 0.509 	 -0.8158
						0.0483 	 0.8401 	 0.5403
						-0.4897 	 -0.2326 	 0.5074
					}
					{bone "spider01lleg42"
						{matrix34
							0.0449 	 -0.9413 	 -0.3345
							0.9976 	 0.0243 	 0.0655
							-0.0536 	 -0.3366 	 0.9401
							0.9735 	 -0 	 0
						}
						{bone "spider01lleg43"
							{matrix34
								0.8525 	 -0.4847 	 -0.1959
								0.4663 	 0.8744 	 -0.1341
								0.2363 	 0.023 	 0.9714
								1.2658 	 0 	 -0
							}
						}
					}
				}
				{bone "spider01rleg41"
					{matrix34
						0.9604 	 -0.1877 	 -0.2061
						0.2745 	 0.509 	 0.8158
						-0.0483 	 -0.8401 	 0.5403
						-0.4897 	 -0.2326 	 -0.5074
					}
					{bone "spider01rleg42"
						{matrix34
							0.0449 	 -0.9413 	 0.3345
							0.9976 	 0.0243 	 -0.0655
							0.0536 	 0.3366 	 0.9401
							0.9735 	 0 	 0
						}
						{bone "spider01rleg43"
							{matrix34
								0.8525 	 -0.4847 	 0.1959
								0.4663 	 0.8744 	 0.1341
								-0.2363 	 -0.023 	 0.9714
								1.2658 	 0 	 0
							}
						}
					}
				}
				{bone "spider01hubbone02"
					{matrix34
						0.3225 	 0.8407 	 -0.4349
						-0.945 	 0.2595 	 -0.1992
						-0.0546 	 0.4752 	 0.8782
						-0.3825 	 0.658 	 -0.3356
					}
					{bone "spider01hubbone03"
						{matrix34
							0.4226 	 0.9063 	 0
							-0.9063 	 0.4226 	 0
							0 	 -0 	 1
							0.6967 	 -0 	 0
						}
					}
				}
				{bone "spider01hubbone01"
					{matrix34
						0.3225 	 0.8407 	 0.4349
						-0.945 	 0.2595 	 0.1992
						0.0546 	 -0.4752 	 0.8782
						-0.3825 	 0.658 	 0.3356
					}
					{bone "spider01hubbone04"
						{matrix34
							0.4226 	 0.9063 	 -0
							-0.9063 	 0.4226 	 0
							0 	 0 	 1
							0.6967 	 -0 	 0
						}
					}
				}
				
				{bone "chest_fx_point"
					{matrix34
						0 	 -0 	 1
						0 	 -1 	 -0
						1 	 0 	 0
						-0.5558 	 0.2142 	 0.0208
					}
				}
			}
		}
	}
}
{"volumes"
	{"selection_box1"
		{box 1.08749 3.04086 2.55977}
		{bone "spider01hub"}
		{matrix34
			0.9659 	 0.2589 	 -0
			-0.2589 	 0.9659 	 0
			0 	 -0 	 1
			0.1926 	 -0.4673 	 -0.0272
		}
	}
}
