;Exported by:	 katarina
;Date:			 Tue Feb 10 14:26:58 2009
;File:			 E:\Art_group\Majesty2\M2_models(resource)\entity\buildings\logovo_elemental_fire\logovo_elemental_fire_export.max
{skeleton
	{bone "dummy01"
		{orientation
			1 	 0 	 0
			0 	 -1 	 0
			0 	 0 	 1
		}
		{bone "dummy_static_1"}

		{bone "attack_p_l0_01"
			{Position 1.8559 	 -1.2967 	 1.1953}
		}
		{bone "attack_p_l0_02"
			{Position 0.4871 	 2.9476 	 0.7674}
		}
		{bone "attack_p_l0_03"
			{Position -1.7238 	 -2.0849 	 1.084}
		}
		{bone "attack_p_l0_04"
			{Position -1.1801 	 3.0452 	 1.0326}
		}
		{bone "attack_p_l0_05"
			{Position 2.4406 	 0.5384 	 1.1953}
		}
		{bone "door_p_l0_"
			{Position 0 	 -3.0859 	 0}
		}
		{bone "attack_p_l1_01"
			{Position 1.8559 	 -1.2967 	 1.1953}
		}
		{bone "attack_p_l1_02"
			{Position 0.4871 	 2.9476 	 0.7674}
		}
		{bone "attack_p_l1_03"
			{Position -1.7238 	 -2.0849 	 1.084}
		}
		{bone "attack_p_l1_04"
			{Position -1.1801 	 3.0452 	 1.0326}
		}
		{bone "attack_p_l1_05"
			{Position 2.4406 	 0.5384 	 1.1953}
		}
		{bone "door_p_l1_"
			{Position 0 	 -3.0859 	 0}
		}
		{bone "fire_25_heavy_01"
			{matrix34
				1 	 0 	 -0.0038
				0 	 1 	 0
				0.0038 	 -0 	 1
				-1.9419 	 0.6977 	 0.218
			}
		}
		{bone "fire_50_medium_01"
			{matrix34
				-0.2164 	 0.9763 	 0.008
				-0.9763 	 -0.2164 	 -0.008
				-0.0061 	 -0.0095 	 0.9999
				1.2631 	 -1.5003 	 0.2468
			}
		}
		{bone "fire_75_light_01"
			{Position 1.7342 	 0.5624 	 0.1463}
		}
		{bone "fire_75_light_02"
			{Position -1.0722 	 -1.5488 	 0.2139}
		}
		{bone "fx_point01"
			{Position 0 	 0 	 0.282}
		}
		{bone "fx_point02"
			{matrix34
				0.8618 	 0.5072 	 0
				-0.5072 	 0.8618 	 -0
				-0 	 0 	 1
				-1.7929 	 -1.0346 	 0.7722
			}
		}
		{bone "fx_point03"
			{matrix34
				-0.0005 	 -1 	 0
				1 	 -0.0005 	 -0
				0 	 -0 	 1
				0.0002 	 2.0846 	 0.7722
			}
		}
		{bone "fx_point04"
			{matrix34
				-0.8666 	 0.4991 	 -0
				-0.4991 	 -0.8666 	 -0
				-0 	 -0 	 1
				1.797 	 -1.0384 	 0.7722
			}
		}
		{bone "head_fx_point"
			{Position 0 	 0 	 4.251}
		}
		{bone "dummy02"
			{Position 0.0052 	 0.0021 	 -0.2128}
		}
		{bone "dummy03"
			{Position 0.4172 	 2.0612 	 0.694}
		}
		{bone "dummy04"
			{Position 1.5474 	 -1.4162 	 0.7492}
		}
		{bone "dummy05"
			{Position -1.5496 	 -1.4142 	 0.7165}
		}
		{bone "dummy06"
			{Position -1.9936 	 -0.7225 	 1.3585}
		}
		{bone "dummy07"
			{Position -1.9974 	 -0.6664 	 0.7475}
		}
		{bone "dummy08"
			{Position 2.017 	 -0.6252 	 0.7106}
		}
		{bone "dummy09"
			{Position 0.1374 	 1.9963 	 1.6412}
		}
		{bone "dummy10"
			{Position 1.916 	 -0.7463 	 1.459}
		}
		{bone "dummy11"
			{Position 1.629 	 -1.1599 	 1.6509}
		}
		{bone "dummy12"
			{Position -0.4163 	 2.0595 	 0.9755}
		}
		{bone "dummy13"
			{Position -1.7134 	 -1.0969 	 1.5912}
		}
		{bone "dummy14"
			{matrix34
				0.8945 	 -0.1727 	 -0.4124
				0.0213 	 0.9378 	 -0.3465
				0.4466 	 0.3012 	 0.8425
				2.3351 	 0.3985 	 0.1225
			}
		}
		{bone "dummy15"
			{matrix34
				0.4986 	 -0.8246 	 -0.2672
				0.8557 	 0.5174 	 -0
				0.1383 	 -0.2287 	 0.9636
				-1.5074 	 1.2138 	 0.5274
			}
		}
		{bone "dummy16"
			{matrix34
				0.9746 	 0.2113 	 0.0742
				-0.2069 	 0.9763 	 -0.0633
				-0.0858 	 0.0464 	 0.9952
				-1.3165 	 2.7204 	 0.5929
			}
		}
		{bone "dummy17"
			{matrix34
				0.6547 	 -0.7559 	 0
				0.7425 	 0.643 	 0.1878
				-0.142 	 -0.1229 	 0.9822
				-0.5041 	 -2.4549 	 0.8828
			}
		}
		{bone "dummy18"
			{matrix34
				0.9295 	 0.3689 	 0
				-0.3689 	 0.9295 	 0
				0 	 0 	 1
				-0.2747 	 3.3193 	 0.2142
			}
		}
		{bone "dummy19"
			{matrix34
				-0.2608 	 0.9654 	 -0.0031
				-0.9654 	 -0.2608 	 -0.0003
				-0.0015 	 0.004 	 1
				-0.4893 	 -0.4664 	 0.1124
			}
		}
		{bone "dummy20"
			{matrix34
				0.9694 	 0.1408 	 -0.201
				-0.2312 	 0.2484 	 -0.9407
				-0.0825 	 0.9584 	 0.2734
				-0.0028 	 2.0113 	 1.965
			}
		}
		{bone "dummy21"
			{matrix34
				0.3878 	 -0.9216 	 -0.0152
				0.9185 	 0.3878 	 -0.077
				0.0768 	 0.0159 	 0.9969
				0.5196 	 2.7584 	 0.5849
			}
		}
		{bone "dummy22"
			{matrix34
				-0.1373 	 0.3943 	 0.9087
				-0.4763 	 -0.8604 	 0.181
				0.8582 	 -0.4096 	 0.3093
				1.738 	 -1.0512 	 1.8217
			}
		}
		{bone "dummy23"
			{matrix34
				0.9453 	 0.243 	 0.2177
				-0.2402 	 0.9699 	 -0.0398
				-0.2209 	 -0.0146 	 0.9752
				-1.5395 	 -1.8083 	 0.4106
			}
		}
	}
}
{"zones"
	{area "build_area"
		{obb2
			{center 0 -0.130598}
			{extent 2.5 3}
			{axis -1 0}
		}
		{rotate}
	}
	{obstacle "obstacle_l0"
		{polygon2
			{radius 0}
			{vertex -1.42543 -2.29111}
			{vertex -0.449553 -2.68147}
			{vertex 0.797405 -2.714}
			{vertex 2.02268 -1.80317}
			{vertex 2.46724 0.0184692}
			{vertex 1.39378 1.92686}
			{vertex 0.688974 2.47986}
			{vertex -1.10014 2.51239}
			{vertex -1.80494 1.63409}
			{vertex -2.36878 -0.003217}
			{vertex -2.21698 -1.31523}
		}
		{rotate}
	}
}
